{
    "camera_angle_x": 0.619591884457987,
    "frames": [
        {
            "file_path": "./train/0001",
            "rotation": 0.031415926535897934,
            "transform_matrix": [
                [
                    0.9999878,
                    0.000142013,
                    -0.004932637,
                    6.62575e-08
                ],
                [
                    -0.004934681,
                    0.0287783,
                    -0.9995736,
                    -6.4457
                ],
                [
                    0.0,
                    0.9995857,
                    0.02877866,
                    0.3509279
                ],
                [
                    0.0,
                    0.0,
                    0.0,
                    1.0
                ]
            ]
        },
        {
            "file_path": "./train/0002",
            "rotation": 0.031415926535897934,
            "transform_matrix": [
                [
                    0.9923101,
                    0.003563276,
                    -0.1237255,
                    -0.7108757
                ],
                [
                    -0.1237768,
                    0.02856653,
                    -0.9918988,
                    -6.397848
                ],
                [
                    -2.32831e-10,
                    0.9995855,
                    0.02878791,
                    0.3509279
                ],
                [
                    0.0,
                    0.0,
                    0.0,
                    1.0
                ]
            ]
        },
        {
            "file_path": "./train/0003",
            "rotation": 0.031415926535897934,
            "transform_matrix": [
                [
                    0.97059,
                    0.006928893,
                    -0.2406388,
                    -1.410818
                ],
                [
                    -0.2407385,
                    0.02793534,
                    -0.9701879,
                    -6.269153
                ],
                [
                    4.65661e-10,
                    0.9995856,
                    0.02878182,
                    0.3509279
                ],
                [
                    0.0,
                    0.0,
                    0.0,
                    1.0
                ]
            ]
        },
        {
            "file_path": "./train/0004",
            "rotation": 0.031415926535897934,
            "transform_matrix": [
                [
                    0.9351737,
                    0.01018961,
                    -0.3540428,
                    -2.090557
                ],
                [
                    -0.3541894,
                    0.02690383,
                    -0.9347867,
                    -6.05979
                ],
                [
                    -9.31323e-10,
                    0.9995861,
                    0.02876881,
                    0.3509279
                ],
                [
                    0.0,
                    0.0,
                    0.0,
                    1.0
                ]
            ]
        },
        {
            "file_path": "./train/0005",
            "rotation": 0.031415926535897934,
            "transform_matrix": [
                [
                    0.8865907,
                    0.01329957,
                    -0.4623636,
                    -2.740784
                ],
                [
                    -0.4625549,
                    0.02549162,
                    -0.8862241,
                    -5.772013
                ],
                [
                    -9.31323e-10,
                    0.9995866,
                    0.02875241,
                    0.3509279
                ],
                [
                    0.0,
                    0.0,
                    0.0,
                    1.0
                ]
            ]
        },
        {
            "file_path": "./train/0006",
            "rotation": 0.031415926535897934,
            "transform_matrix": [
                [
                    0.8255504,
                    0.01621491,
                    -0.5640954,
                    -3.352593
                ],
                [
                    -0.5643284,
                    0.02372063,
                    -0.8252096,
                    -5.409758
                ],
                [
                    1.86264e-09,
                    0.9995871,
                    0.02873311,
                    0.3509279
                ],
                [
                    0.0,
                    0.0,
                    0.0,
                    1.0
                ]
            ]
        },
        {
            "file_path": "./train/0007",
            "rotation": 0.031415926535897934,
            "transform_matrix": [
                [
                    0.752938,
                    0.01889387,
                    -0.6578202,
                    -3.917697
                ],
                [
                    -0.6580915,
                    0.02161692,
                    -0.7526276,
                    -4.978199
                ],
                [
                    0.0,
                    0.9995877,
                    0.02871009,
                    0.3509279
                ],
                [
                    0.0,
                    0.0,
                    0.0,
                    1.0
                ]
            ]
        },
        {
            "file_path": "./train/0008",
            "rotation": 0.031415926535897934,
            "transform_matrix": [
                [
                    0.6698037,
                    0.02129789,
                    -0.7422327,
                    -4.428488
                ],
                [
                    -0.7425382,
                    0.01921168,
                    -0.6695281,
                    -4.483422
                ],
                [
                    9.31323e-10,
                    0.9995885,
                    0.02868255,
                    0.3509279
                ],
                [
                    0.0,
                    0.0,
                    0.0,
                    1.0
                ]
            ]
        },
        {
            "file_path": "./train/0009",
            "rotation": 0.031415926535897934,
            "transform_matrix": [
                [
                    0.5773461,
                    0.02339309,
                    -0.8161644,
                    -4.878027
                ],
                [
                    -0.8164996,
                    0.01654124,
                    -0.577109,
                    -3.932214
                ],
                [
                    9.31323e-10,
                    0.9995894,
                    0.02865047,
                    0.3509279
                ],
                [
                    0.0,
                    0.0,
                    0.0,
                    1.0
                ]
            ]
        },
        {
            "file_path": "./train/0010",
            "rotation": 0.031415926535897934,
            "transform_matrix": [
                [
                    0.4768875,
                    0.02515126,
                    -0.8786044,
                    -5.260089
                ],
                [
                    -0.8789644,
                    0.01364597,
                    -0.4766922,
                    -3.332
                ],
                [
                    -9.31323e-10,
                    0.9995905,
                    0.02861465,
                    0.3509279
                ],
                [
                    0.0,
                    0.0,
                    0.0,
                    1.0
                ]
            ]
        },
        {
            "file_path": "./train/0011",
            "rotation": 0.031415926535897934,
            "transform_matrix": [
                [
                    0.3698471,
                    0.02654986,
                    -0.9287133,
                    -5.569306
                ],
                [
                    -0.9290926,
                    0.01056879,
                    -0.3696961,
                    -2.690833
                ],
                [
                    0.0,
                    0.9995916,
                    0.02857612,
                    0.3509279
                ],
                [
                    0.0,
                    0.0,
                    0.0,
                    1.0
                ]
            ]
        },
        {
            "file_path": "./train/0012",
            "rotation": 0.031415926535897934,
            "transform_matrix": [
                [
                    0.2577147,
                    0.02757105,
                    -0.9658276,
                    -5.801458
                ],
                [
                    -0.9662211,
                    0.007353873,
                    -0.2576098,
                    -2.017352
                ],
                [
                    0.0,
                    0.9995927,
                    0.02853493,
                    0.3509279
                ],
                [
                    0.0,
                    0.0,
                    0.0,
                    1.0
                ]
            ]
        },
        {
            "file_path": "./train/0013",
            "rotation": 0.031415926535897934,
            "transform_matrix": [
                [
                    0.142044,
                    0.02824542,
                    -0.9894572,
                    -5.944155
                ],
                [
                    -0.9898604,
                    0.00405319,
                    -0.1419861,
                    -1.319304
                ],
                [
                    0.0,
                    0.9995927,
                    0.02853475,
                    0.3509279
                ],
                [
                    0.0,
                    0.0,
                    0.0,
                    1.0
                ]
            ]
        },
        {
            "file_path": "./train/0014",
            "rotation": 0.031415926535897934,
            "transform_matrix": [
                [
                    0.02447435,
                    0.02853482,
                    -0.9992931,
                    -6.001717
                ],
                [
                    -0.9997005,
                    0.00069858,
                    -0.02446438,
                    -0.6097412
                ],
                [
                    5.82077e-11,
                    0.9995925,
                    0.02854337,
                    0.3509279
                ],
                [
                    0.0,
                    0.0,
                    0.0,
                    1.0
                ]
            ]
        },
        {
            "file_path": "./train/0015",
            "rotation": 0.031415926535897934,
            "transform_matrix": [
                [
                    -0.0933464,
                    0.02841586,
                    -0.9952281,
                    -5.977791
                ],
                [
                    -0.9956337,
                    -0.00266415,
                    0.09330838,
                    0.1011347
                ],
                [
                    0.0,
                    0.9995925,
                    0.02854047,
                    0.3509279
                ],
                [
                    0.0,
                    0.0,
                    0.0,
                    1.0
                ]
            ]
        },
        {
            "file_path": "./train/0016",
            "rotation": 0.031415926535897934,
            "transform_matrix": [
                [
                    -0.2097798,
                    0.02789157,
                    -0.9773507,
                    -5.872808
                ],
                [
                    -0.9777488,
                    -0.005984245,
                    0.2096944,
                    0.8042826
                ],
                [
                    0.0,
                    0.999593,
                    0.02852632,
                    0.3509279
                ],
                [
                    0.0,
                    0.0,
                    0.0,
                    1.0
                ]
            ]
        },
        {
            "file_path": "./train/0017",
            "rotation": 0.031415926535897934,
            "transform_matrix": [
                [
                    -0.3232394,
                    0.02698001,
                    -0.9459325,
                    -5.686234
                ],
                [
                    -0.9463173,
                    -0.009215727,
                    0.323108,
                    1.490282
                ],
                [
                    0.0,
                    0.9995934,
                    0.02851053,
                    0.3509279
                ],
                [
                    0.0,
                    0.0,
                    0.0,
                    1.0
                ]
            ]
        },
        {
            "file_path": "./train/0018",
            "rotation": 0.031415926535897934,
            "transform_matrix": [
                [
                    -0.4321837,
                    0.02569797,
                    -0.9014194,
                    -5.419898
                ],
                [
                    -0.9017857,
                    -0.01231583,
                    0.4320081,
                    2.149568
                ],
                [
                    9.31323e-10,
                    0.9995939,
                    0.02849676,
                    0.3509279
                ],
                [
                    0.0,
                    0.0,
                    0.0,
                    1.0
                ]
            ]
        },
        {
            "file_path": "./train/0019",
            "rotation": 0.031415926535897934,
            "transform_matrix": [
                [
                    -0.5351279,
                    0.02406342,
                    -0.8444282,
                    -5.077447
                ],
                [
                    -0.8447711,
                    -0.01524319,
                    0.5349107,
                    2.772973
                ],
                [
                    9.31323e-10,
                    0.9995942,
                    0.02848513,
                    0.3509279
                ],
                [
                    0.0,
                    0.0,
                    0.0,
                    1.0
                ]
            ]
        },
        {
            "file_path": "./train/0020",
            "rotation": 0.031415926535897934,
            "transform_matrix": [
                [
                    -0.6306598,
                    0.02209763,
                    -0.7757448,
                    -4.66387
                ],
                [
                    -0.7760596,
                    -0.0179575,
                    0.630404,
                    3.351973
                ],
                [
                    1.86265e-09,
                    0.9995945,
                    0.02847415,
                    0.3509279
                ],
                [
                    0.0,
                    0.0,
                    0.0,
                    1.0
                ]
            ]
        },
        {
            "file_path": "./train/0021",
            "rotation": 0.031415926535897934,
            "transform_matrix": [
                [
                    -0.7174616,
                    0.01982659,
                    -0.6963159,
                    -4.185105
                ],
                [
                    -0.6965981,
                    -0.02042041,
                    0.717171,
                    3.878777
                ],
                [
                    9.31323e-10,
                    0.9995949,
                    0.02846203,
                    0.3509279
                ],
                [
                    0.0,
                    0.0,
                    0.0,
                    1.0
                ]
            ]
        },
        {
            "file_path": "./train/0022",
            "rotation": 0.031415926535897934,
            "transform_matrix": [
                [
                    -0.7943321,
                    0.01728149,
                    -0.607238,
                    -3.647794
                ],
                [
                    -0.6074839,
                    -0.02259688,
                    0.7940106,
                    4.346296
                ],
                [
                    9.31323e-10,
                    0.9995953,
                    0.02844766,
                    0.3509279
                ],
                [
                    0.0,
                    0.0,
                    0.0,
                    1.0
                ]
            ]
        },
        {
            "file_path": "./train/0023",
            "rotation": 0.031415926535897934,
            "transform_matrix": [
                [
                    -0.8602069,
                    0.01450655,
                    -0.5097389,
                    -3.057399
                ],
                [
                    -0.5099453,
                    -0.02447054,
                    0.8598588,
                    4.745131
                ],
                [
                    0.0,
                    0.9995953,
                    0.02844728,
                    0.3509279
                ],
                [
                    0.0,
                    0.0,
                    0.0,
                    1.0
                ]
            ]
        },
        {
            "file_path": "./train/0024",
            "rotation": 0.031415926535897934,
            "transform_matrix": [
                [
                    -0.9141664,
                    0.01153912,
                    -0.4051751,
                    -2.422401
                ],
                [
                    -0.4053394,
                    -0.02602431,
                    0.9137958,
                    5.067776
                ],
                [
                    0.0,
                    0.9995946,
                    0.02846781,
                    0.3509279
                ],
                [
                    0.0,
                    0.0,
                    0.0,
                    1.0
                ]
            ]
        },
        {
            "file_path": "./train/0025",
            "rotation": 0.031415926535897934,
            "transform_matrix": [
                [
                    -0.9554655,
                    0.008408097,
                    -0.2949832,
                    -1.754052
                ],
                [
                    -0.295103,
                    -0.02722319,
                    0.9550775,
                    5.312673
                ],
                [
                    -9.31323e-10,
                    0.999594,
                    0.02849207,
                    0.3509279
                ],
                [
                    0.0,
                    0.0,
                    0.0,
                    1.0
                ]
            ]
        },
        {
            "file_path": "./train/0026",
            "rotation": 0.031415926535897934,
            "transform_matrix": [
                [
                    -0.9835303,
                    0.005154802,
                    -0.1806696,
                    -1.061797
                ],
                [
                    -0.1807431,
                    -0.02805033,
                    0.9831302,
                    5.476459
                ],
                [
                    -4.65661e-10,
                    0.9995931,
                    0.02852005,
                    0.3509279
                ],
                [
                    0.0,
                    0.0,
                    0.0,
                    1.0
                ]
            ]
        },
        {
            "file_path": "./train/0027",
            "rotation": 0.031415926535897934,
            "transform_matrix": [
                [
                    -0.9979615,
                    0.001821906,
                    -0.0637935,
                    -0.3554389
                ],
                [
                    -0.06381951,
                    -0.0284896,
                    0.9975548,
                    5.557733
                ],
                [
                    1.16415e-10,
                    0.9995924,
                    0.0285478,
                    0.3509279
                ],
                [
                    0.0,
                    0.0,
                    0.0,
                    1.0
                ]
            ]
        },
        {
            "file_path": "./train/0028",
            "rotation": 0.031415926535897934,
            "transform_matrix": [
                [
                    -0.9985377,
                    -0.00154419,
                    0.05403817,
                    0.3554371
                ],
                [
                    0.05406023,
                    -0.02852249,
                    0.9981303,
                    5.557734
                ],
                [
                    1.16415e-10,
                    0.9995919,
                    0.02856426,
                    0.3509279
                ],
                [
                    0.0,
                    0.0,
                    0.0,
                    1.0
                ]
            ]
        },
        {
            "file_path": "./train/0029",
            "rotation": 0.031415926535897934,
            "transform_matrix": [
                [
                    -0.9852265,
                    -0.00489266,
                    0.1711867,
                    1.061793
                ],
                [
                    0.1712566,
                    -0.02814711,
                    0.9848243,
                    5.476461
                ],
                [
                    0.0,
                    0.9995918,
                    0.02856918,
                    0.3509279
                ],
                [
                    0.0,
                    0.0,
                    0.0,
                    1.0
                ]
            ]
        },
        {
            "file_path": "./train/0030",
            "rotation": 0.031415926535897934,
            "transform_matrix": [
                [
                    -0.9581866,
                    -0.008176031,
                    0.2860271,
                    1.754048
                ],
                [
                    0.2861439,
                    -0.0273784,
                    0.9577954,
                    5.312675
                ],
                [
                    0.0,
                    0.9995916,
                    0.02857314,
                    0.3509279
                ],
                [
                    0.0,
                    0.0,
                    0.0,
                    1.0
                ]
            ]
        },
        {
            "file_path": "./train/0031",
            "rotation": 0.031415926535897934,
            "transform_matrix": [
                [
                    -0.9177619,
                    -0.01134988,
                    0.3969691,
                    2.422396
                ],
                [
                    0.3971314,
                    -0.02622933,
                    0.9173869,
                    5.067779
                ],
                [
                    0.0,
                    0.9995915,
                    0.02857967,
                    0.3509279
                ],
                [
                    0.0,
                    0.0,
                    0.0,
                    1.0
                ]
            ]
        },
        {
            "file_path": "./train/0032",
            "rotation": 0.031415926535897934,
            "transform_matrix": [
                [
                    -0.8644772,
                    -0.01437057,
                    0.5024665,
                    3.057396
                ],
                [
                    0.5026719,
                    -0.02471399,
                    0.864124,
                    4.745133
                ],
                [
                    0.0,
                    0.9995912,
                    0.02858837,
                    0.3509279
                ],
                [
                    0.0,
                    0.0,
                    0.0,
                    1.0
                ]
            ]
        },
        {
            "file_path": "./train/0033",
            "rotation": 0.031415926535897934,
            "transform_matrix": [
                [
                    -0.7990441,
                    -0.01720616,
                    0.6010263,
                    3.64779
                ],
                [
                    0.6012726,
                    -0.02286564,
                    0.7987167,
                    4.3463
                ],
                [
                    9.31323e-10,
                    0.9995905,
                    0.02861625,
                    0.3509279
                ],
                [
                    0.0,
                    0.0,
                    0.0,
                    1.0
                ]
            ]
        },
        {
            "file_path": "./train/0034",
            "rotation": 0.031415926535897934,
            "transform_matrix": [
                [
                    -0.7223557,
                    -0.01981624,
                    0.6912377,
                    4.185102
                ],
                [
                    0.6915216,
                    -0.02069983,
                    0.7220591,
                    3.87878
                ],
                [
                    -9.31323e-10,
                    0.9995893,
                    0.028656,
                    0.3509279
                ],
                [
                    0.0,
                    0.0,
                    0.0,
                    1.0
                ]
            ]
        },
        {
            "file_path": "./train/0035",
            "rotation": 0.031415926535897934,
            "transform_matrix": [
                [
                    -0.6354641,
                    -0.02215307,
                    0.7718126,
                    4.663866
                ],
                [
                    0.7721305,
                    -0.018232,
                    0.6352024,
                    3.351978
                ],
                [
                    9.31323e-10,
                    0.9995883,
                    0.02869084,
                    0.3509279
                ],
                [
                    0.0,
                    0.0,
                    0.0,
                    1.0
                ]
            ]
        },
        {
            "file_path": "./train/0036",
            "rotation": 0.031415926535897934,
            "transform_matrix": [
                [
                    -0.5395738,
                    -0.02418179,
                    0.8415911,
                    5.077444
                ],
                [
                    0.8419384,
                    -0.0154974,
                    0.5393512,
                    2.772976
                ],
                [
                    0.0,
                    0.9995874,
                    0.02872157,
                    0.3509279
                ],
                [
                    0.0,
                    0.0,
                    0.0,
                    1.0
                ]
            ]
        },
        {
            "file_path": "./train/0037",
            "rotation": 0.031415926535897934,
            "transform_matrix": [
                [
                    -0.4360232,
                    -0.02587284,
                    0.8995635,
                    5.419895
                ],
                [
                    0.8999355,
                    -0.01253552,
                    0.4358429,
                    2.149573
                ],
                [
                    0.0,
                    0.9995866,
                    0.02874966,
                    0.3509279
                ],
                [
                    0.0,
                    0.0,
                    0.0,
                    1.0
                ]
            ]
        },
        {
            "file_path": "./train/0038",
            "rotation": 0.031415926535897934,
            "transform_matrix": [
                [
                    -0.3262572,
                    -0.02720181,
                    0.9448896,
                    5.686231
                ],
                [
                    0.945281,
                    -0.009388518,
                    0.3261221,
                    1.490286
                ],
                [
                    9.31323e-10,
                    0.9995858,
                    0.02877643,
                    0.3509279
                ],
                [
                    0.0,
                    0.0,
                    0.0,
                    1.0
                ]
            ]
        },
        {
            "file_path": "./train/0039",
            "rotation": 0.031415926535897934,
            "transform_matrix": [
                [
                    -0.2118064,
                    -0.02814807,
                    0.9769062,
                    5.872806
                ],
                [
                    0.9773117,
                    -0.006100347,
                    0.2117185,
                    0.8042893
                ],
                [
                    0.0,
                    0.9995851,
                    0.02880153,
                    0.3509279
                ],
                [
                    0.0,
                    0.0,
                    0.0,
                    1.0
                ]
            ]
        },
        {
            "file_path": "./train/0040",
            "rotation": 0.031415926535897934,
            "transform_matrix": [
                [
                    -0.09426557,
                    -0.02869275,
                    0.9951335,
                    5.977791
                ],
                [
                    0.9955471,
                    -0.002716836,
                    0.0942264,
                    0.1011382
                ],
                [
                    0.0,
                    0.9995846,
                    0.02882109,
                    0.3509279
                ],
                [
                    0.0,
                    0.0,
                    0.0,
                    1.0
                ]
            ]
        },
        {
            "file_path": "./train/0041",
            "rotation": 0.031415926535897934,
            "transform_matrix": [
                [
                    0.02471557,
                    -0.0288164,
                    0.9992792,
                    6.001717
                ],
                [
                    0.9996946,
                    0.000712432,
                    -0.02470531,
                    -0.6097374
                ],
                [
                    -5.82077e-11,
                    0.9995844,
                    0.02882521,
                    0.3509279
                ],
                [
                    0.0,
                    0.0,
                    0.0,
                    1.0
                ]
            ]
        },
        {
            "file_path": "./train/0042",
            "rotation": 0.031415926535897934,
            "transform_matrix": [
                [
                    0.1434326,
                    -0.02851567,
                    0.9892491,
                    5.944156
                ],
                [
                    0.9896601,
                    0.00413281,
                    -0.143373,
                    -1.3193
                ],
                [
                    -4.65661e-10,
                    0.9995847,
                    0.02881359,
                    0.3509279
                ],
                [
                    0.0,
                    0.0,
                    0.0,
                    1.0
                ]
            ]
        },
        {
            "file_path": "./train/0043",
            "rotation": 0.031415926535897934,
            "transform_matrix": [
                [
                    0.2601731,
                    -0.02781494,
                    0.9651613,
                    5.801459
                ],
                [
                    0.9655621,
                    0.007494802,
                    -0.2600651,
                    -2.017347
                ],
                [
                    0.0,
                    0.9995849,
                    0.028807,
                    0.3509279
                ],
                [
                    0.0,
                    0.0,
                    0.0,
                    1.0
                ]
            ]
        },
        {
            "file_path": "./train/0044",
            "rotation": 0.031415926535897934,
            "transform_matrix": [
                [
                    0.3732426,
                    -0.02675425,
                    0.9273479,
                    5.569307
                ],
                [
                    0.9277339,
                    0.01076368,
                    -0.3730873,
                    -2.69083
                ],
                [
                    0.0,
                    0.999584,
                    0.02883829,
                    0.3509279
                ],
                [
                    0.0,
                    0.0,
                    0.0,
                    1.0
                ]
            ]
        },
        {
            "file_path": "./train/0045",
            "rotation": 0.031415926535897934,
            "transform_matrix": [
                [
                    0.4810308,
                    -0.02530437,
                    0.8763384,
                    5.260091
                ],
                [
                    0.8767037,
                    0.01388403,
                    -0.4808303,
                    -3.331997
                ],
                [
                    0.0,
                    0.9995833,
                    0.02886308,
                    0.3509279
                ],
                [
                    0.0,
                    0.0,
                    0.0,
                    1.0
                ]
            ]
        },
        {
            "file_path": "./train/0046",
            "rotation": 0.031415926535897934,
            "transform_matrix": [
                [
                    0.5820052,
                    -0.02348601,
                    0.8128458,
                    4.878029
                ],
                [
                    0.813185,
                    0.01680919,
                    -0.5817624,
                    -3.932211
                ],
                [
                    9.31323e-10,
                    0.9995828,
                    0.02888151,
                    0.3509279
                ],
                [
                    0.0,
                    0.0,
                    0.0,
                    1.0
                ]
            ]
        },
        {
            "file_path": "./train/0047",
            "rotation": 0.031415926535897934,
            "transform_matrix": [
                [
                    0.6747164,
                    -0.02132509,
                    0.7377689,
                    4.428492
                ],
                [
                    0.7380771,
                    0.01949443,
                    -0.6744347,
                    -4.483418
                ],
                [
                    0.0,
                    0.9995825,
                    0.02889277,
                    0.3509279
                ],
                [
                    0.0,
                    0.0,
                    0.0,
                    1.0
                ]
            ]
        },
        {
            "file_path": "./train/0048",
            "rotation": 0.031415926535897934,
            "transform_matrix": [
                [
                    0.757827,
                    -0.0188536,
                    0.6521831,
                    3.9177
                ],
                [
                    0.6524556,
                    0.02189845,
                    -0.7575105,
                    -4.978197
                ],
                [
                    9.31323e-10,
                    0.9995824,
                    0.02889637,
                    0.3509279
                ],
                [
                    0.0,
                    0.0,
                    0.0,
                    1.0
                ]
            ]
        },
        {
            "file_path": "./train/0049",
            "rotation": 0.031415926535897934,
            "transform_matrix": [
                [
                    0.830139,
                    -0.0161093,
                    0.5573238,
                    3.352593
                ],
                [
                    0.5575566,
                    0.02398494,
                    -0.8297924,
                    -5.409757
                ],
                [
                    -1.86265e-09,
                    0.9995825,
                    0.02889268,
                    0.3509279
                ],
                [
                    0.0,
                    0.0,
                    0.0,
                    1.0
                ]
            ]
        },
        {
            "file_path": "./train/0050",
            "rotation": 0.031415926535897934,
            "transform_matrix": [
                [
                    0.8906186,
                    -0.01313455,
                    0.4545615,
                    2.740785
                ],
                [
                    0.4547513,
                    0.02572367,
                    -0.8902469,
                    -5.772013
                ],
                [
                    9.31323e-10,
                    0.9995828,
                    0.02888293,
                    0.3509279
                ],
                [
                    0.0,
                    0.0,
                    0.0,
                    1.0
                ]
            ]
        },
        {
            "file_path": "./train/0051",
            "rotation": 0.031415926535897934,
            "transform_matrix": [
                [
                    0.9384128,
                    -0.009974493,
                    0.3453723,
                    2.090559
                ],
                [
                    0.3455164,
                    0.02709044,
                    -0.9380217,
                    -6.059789
                ],
                [
                    0.0,
                    0.9995831,
                    0.02886837,
                    0.3509279
                ],
                [
                    0.0,
                    0.0,
                    0.0,
                    1.0
                ]
            ]
        },
        {
            "file_path": "./train/0052",
            "rotation": 0.031415926535897934,
            "transform_matrix": [
                [
                    0.972857,
                    -0.006675866,
                    0.2313109,
                    1.410817
                ],
                [
                    0.2314073,
                    0.02806594,
                    -0.9724521,
                    -6.269153
